vc_ch=[1 2 3 4 5 6 7 8 1 2 7 8];
vc_t1=[0 0 0 0 0 0 0 0 3420 3420 3420 3420];
vc_t2=[3420 3420 11494 11494 11494 11494 3420 3420 11494 11494 11494 11494];
