initialize
[3 4] ;PS_SETFREQ
[4 3] ;PS_SETFREQ
[5 2] ;PS_SETFREQ
[6 0] ;PS_SETFREQ
[3 25.0] ;PS_BUFILT
[4 25.0] ;PS_BUFILT
[5 25.0] ;PS_BUFILT
[6 25.0] ;PS_BUFILT
[3 10.0] ;PS_SETADCINT
[4 10.0] ;PS_SETADCINT
[5 10.0] ;PS_SETADCINT
[6 10.0] ;PS_SETADCINT
[0 0 9150] ;PS_EMPTY
[0 9150 10920] ;PS_CALON
[0 10920 11494] ;PS_EMPTY
[6 0 3500] ;PS_EMPTY
[3 0 3710] ;PS_EMPTY
[6 3500 3795] ;PS_ON
[5 0 3920] ;PS_EMPTY
[3 3710 4005] ;PS_ON
[4 0 4130] ;PS_EMPTY
[5 3920 4215] ;PS_ON
[4 4130 4425] ;PS_ON
[3 4005 7455] ;PS_EMPTY
[4 4425 7455] ;PS_EMPTY
[5 4215 7455] ;PS_EMPTY
[6 3795 7455] ;PS_EMPTY
[3 7455 9100] ;PS_ON
[4 7455 9100] ;PS_ON
[5 7455 9100] ;PS_ON
[6 7455 9100] ;PS_ON
[3 9100 9255] ;PS_EMPTY
[4 9100 9255] ;PS_EMPTY
[5 9100 9255] ;PS_EMPTY
[6 9100 9255] ;PS_EMPTY
[3 9255 10900] ;PS_ON
[4 9255 10900] ;PS_ON
[5 9255 10900] ;PS_ON
[6 9255 10900] ;PS_ON
[-1 0 11494] ;PS_EMPTY
[1 0 11494] ;PS_EMPTY
[2 0 11494] ;PS_EMPTY
[3 10900 11494] ;PS_EMPTY
[4 10900 11494] ;PS_EMPTY
[5 10900 11494] ;PS_EMPTY
[6 10900 11494] ;PS_EMPTY
[7 0 11494] ;PS_EMPTY
[8 0 11494] ;PS_EMPTY
filetrailer
p_offsetppd=-6;
