COR_init
nocal=1;
COR_uprog(0,1,1,'s',1,640,(0:31)*15,0,26)
COR_uprog(19984,1,1,'b',1,100,(0:31)*15,640,26)
COR_end
