COR_init
nocal=1;
COR_uprog(0,1,1,'s',1,630,(0:47)*10,10,26)
COR_uprog(29112,1,1,'b',1,100,(0:47)*10,640,26)
%COR_uprog(630*48-47*48/2,1,1,'b',1,100,(0:47)*10,640,26)
COR_end
