0	40	1	430
40	80	-1	430
80	100	1	430
100	120	-1	430
120	200	1	430
200	240	-1	430
240	260	1	430
260	340	-1	430
340	360	1	430
360	400	-1	430
400	420	1	430
420	440	-1	430
440	500	1	430
500	560	-1	430
560	580	1	430
580	600	-1	430
600	640	1	430
666	1666	2	430
2000	2060	1	430
2060	2080	-1	430
2080	2100	1	430
2100	2120	-1	430
2120	2140	1	430
2140	2160	-1	430
2160	2180	1	430
2180	2220	-1	430
2220	2240	1	430
2240	2260	-1	430
2260	2280	1	430
2280	2300	-1	430
2300	2360	1	430
2360	2420	-1	430
2420	2440	1	430
2440	2540	-1	430
2540	2560	1	430
2560	2620	-1	430
2620	2640	1	430
2666	3666	2	430
4000	4040	1	430
4040	4060	-1	430
4060	4100	1	430
4100	4120	-1	430
4120	4140	1	430
4140	4180	-1	430
4180	4280	1	430
4280	4300	-1	430
4300	4360	1	430
4360	4380	-1	430
4380	4400	1	430
4400	4420	-1	430
4420	4440	1	430
4440	4460	-1	430
4460	4500	1	430
4500	4520	-1	430
4520	4540	1	430
4540	4580	-1	430
4580	4600	1	430
4600	4640	-1	430
4666	5666	2	430
6000	6100	1	430
6100	6120	-1	430
6120	6160	1	430
6160	6200	-1	430
6200	6220	1	430
6220	6340	-1	430
6340	6360	1	430
6360	6380	-1	430
6380	6420	1	430
6420	6440	-1	430
6440	6460	1	430
6460	6520	-1	430
6520	6620	1	430
6620	6640	-1	430
6666	7666	2	430
8000	8040	1	430
8040	8120	-1	430
8120	8160	1	430
8160	8220	-1	430
8220	8240	1	430
8240	8280	-1	430
8280	8300	1	430
8300	8320	-1	430
8320	8340	1	430
8340	8420	-1	430
8420	8440	1	430
8440	8480	-1	430
8480	8500	1	430
8500	8540	-1	430
8540	8600	1	430
8600	8640	-1	430
8666	9666	2	430
10000	10060	1	430
10060	10120	-1	430
10120	10140	1	430
10140	10180	-1	430
10180	10200	1	430
10200	10240	-1	430
10240	10320	1	430
10320	10400	-1	430
10400	10420	1	430
10420	10440	-1	430
10440	10480	1	430
10480	10580	-1	430
10580	10620	1	430
10620	10640	-1	430
10666	11666	2	430
12000	12040	1	430
12040	12060	-1	430
12060	12080	1	430
12080	12120	-1	430
12120	12140	1	430
12140	12160	-1	430
12160	12180	1	430
12180	12200	-1	430
12200	12220	1	430
12220	12260	-1	430
12260	12320	1	430
12320	12380	-1	430
12380	12420	1	430
12420	12440	-1	430
12440	12460	1	430
12460	12480	-1	430
12480	12500	1	430
12500	12520	-1	430
12520	12560	1	430
12560	12600	-1	430
12600	12640	1	430
12666	13666	2	430
14000	14080	1	430
14080	14120	-1	430
14120	14260	1	430
14260	14280	-1	430
14280	14300	1	430
14300	14320	-1	430
14320	14340	1	430
14340	14380	-1	430
14380	14400	1	430
14400	14420	-1	430
14420	14440	1	430
14440	14460	-1	430
14460	14480	1	430
14480	14520	-1	430
14520	14540	1	430
14540	14560	-1	430
14560	14580	1	430
14580	14620	-1	430
14620	14640	1	430
14666	15666	2	430
16000	16040	1	430
16040	16080	-1	430
16080	16180	1	430
16180	16200	-1	430
16200	16220	1	430
16220	16260	-1	430
16260	16280	1	430
16280	16300	-1	430
16300	16320	1	430
16320	16360	-1	430
16360	16380	1	430
16380	16400	-1	430
16400	16440	1	430
16440	16640	-1	430
16666	17666	2	430
18000	18060	1	430
18060	18080	-1	430
18080	18140	1	430
18140	18160	-1	430
18160	18260	1	430
18260	18320	-1	430
18320	18340	1	430
18340	18360	-1	430
18360	18380	1	430
18380	18440	-1	430
18440	18500	1	430
18500	18540	-1	430
18540	18580	1	430
18580	18600	-1	430
18600	18620	1	430
18620	18640	-1	430
18666	19666	2	430
20000	20040	1	430
20040	20060	-1	430
20060	20140	1	430
20140	20220	-1	430
20220	20240	1	430
20240	20320	-1	430
20320	20340	1	430
20340	20360	-1	430
20360	20400	1	430
20400	20440	-1	430
20440	20460	1	430
20460	20520	-1	430
20520	20540	1	430
20540	20560	-1	430
20560	20640	1	430
20666	21666	2	430
22000	22160	1	430
22160	22180	-1	430
22180	22200	1	430
22200	22240	-1	430
22240	22280	1	430
22280	22300	-1	430
22300	22320	1	430
22320	22360	-1	430
22360	22440	1	430
22440	22460	-1	430
22460	22500	1	430
22500	22520	-1	430
22520	22560	1	430
22560	22580	-1	430
22580	22600	1	430
22600	22620	-1	430
22620	22640	1	430
22666	23666	2	430
24000	24040	1	430
24040	24100	-1	430
24100	24160	1	430
24160	24180	-1	430
24180	24380	1	430
24380	24440	-1	430
24440	24480	1	430
24480	24540	-1	430
24540	24560	1	430
24560	24580	-1	430
24580	24640	1	430
24666	25666	2	430
26000	26060	1	430
26060	26100	-1	430
26100	26140	1	430
26140	26200	-1	430
26200	26220	1	430
26220	26280	-1	430
26280	26300	1	430
26300	26340	-1	430
26340	26380	1	430
26380	26400	-1	430
26400	26440	1	430
26440	26480	-1	430
26480	26500	1	430
26500	26560	-1	430
26560	26600	1	430
26600	26620	-1	430
26620	26640	1	430
26666	27666	2	430
28000	28040	1	430
28040	28060	-1	430
28060	28080	1	430
28080	28100	-1	430
28100	28140	1	430
28140	28160	-1	430
28160	28200	1	430
28200	28240	-1	430
28240	28260	1	430
28260	28280	-1	430
28280	28300	1	430
28300	28340	-1	430
28340	28440	1	430
28440	28460	-1	430
28460	28480	1	430
28480	28520	-1	430
28520	28580	1	430
28580	28640	-1	430
28666	29666	2	430
30000	30080	1	430
30080	30100	-1	430
30100	30180	1	430
30180	30220	-1	430
30220	30240	1	430
30240	30260	-1	430
30260	30400	1	430
30400	30440	-1	430
30440	30460	1	430
30460	30480	-1	430
30480	30500	1	430
30500	30520	-1	430
30520	30540	1	430
30540	30600	-1	430
30600	30620	1	430
30620	30640	-1	430
30666	31666	2	430
32000	32040	1	430
32040	32080	-1	430
32080	32100	1	430
32100	32140	-1	430
32140	32300	1	430
32300	32320	-1	430
32320	32420	1	430
32420	32500	-1	430
32500	32520	1	430
32520	32560	-1	430
32560	32620	1	430
32620	32640	-1	430
32666	33666	2	430
34000	34060	1	430
34060	34080	-1	430
34080	34100	1	430
34100	34160	-1	430
34160	34180	1	430
34180	34200	-1	430
34200	34220	1	430
34220	34280	-1	430
34280	34320	1	430
34320	34340	-1	430
34340	34400	1	430
34400	34420	-1	430
34420	34520	1	430
34520	34540	-1	430
34540	34560	1	430
34560	34580	-1	430
34580	34600	1	430
34600	34640	-1	430
34666	35666	2	430
36000	36040	1	430
36040	36060	-1	430
36060	36100	1	430
36100	36180	-1	430
36180	36200	1	430
36200	36240	-1	430
36240	36260	1	430
36260	36280	-1	430
36280	36320	1	430
36320	36340	-1	430
36340	36380	1	430
36380	36420	-1	430
36420	36460	1	430
36460	36500	-1	430
36500	36540	1	430
36540	36620	-1	430
36620	36640	1	430
36666	37666	2	430
38000	38100	1	430
38100	38140	-1	430
38140	38160	1	430
38160	38220	-1	430
38220	38240	1	430
38240	38260	-1	430
38260	38300	1	430
38300	38320	-1	430
38320	38380	1	430
38380	38400	-1	430
38400	38420	1	430
38420	38460	-1	430
38460	38580	1	430
38580	38600	-1	430
38600	38640	1	430
38666	39666	2	430
40000	40040	1	430
40040	40140	-1	430
40140	40160	1	430
40160	40200	-1	430
40200	40220	1	430
40220	40260	-1	430
40260	40280	1	430
40280	40360	-1	430
40360	40400	1	430
40400	40420	-1	430
40420	40480	1	430
40480	40500	-1	430
40500	40520	1	430
40520	40540	-1	430
40540	40580	1	430
40580	40620	-1	430
40620	40640	1	430
40666	41666	2	430
42000	42060	1	430
42060	42180	-1	430
42180	42260	1	430
42260	42300	-1	430
42300	42340	1	430
42340	42360	-1	430
42360	42420	1	430
42420	42480	-1	430
42480	42520	1	430
42520	42600	-1	430
42600	42640	1	430
42666	43666	2	430
44000	44040	1	430
44040	44060	-1	430
44060	44080	1	430
44080	44160	-1	430
44160	44180	1	430
44180	44220	-1	430
44220	44240	1	430
44240	44300	-1	430
44300	44340	1	430
44340	44360	-1	430
44360	44380	1	430
44380	44400	-1	430
44400	44420	1	430
44420	44460	-1	430
44460	44480	1	430
44480	44500	-1	430
44500	44560	1	430
44560	44580	-1	430
44580	44620	1	430
44620	44640	-1	430
44666	45666	2	430
46000	46080	1	430
46080	46140	-1	430
46140	46200	1	430
46200	46240	-1	430
46240	46280	1	430
46280	46360	-1	430
46360	46380	1	430
46380	46420	-1	430
46420	46460	1	430
46460	46480	-1	430
46480	46540	1	430
46540	46560	-1	430
46560	46600	1	430
46600	46640	-1	430
46666	47666	2	430
48000	48040	1	430
48040	48080	-1	430
48080	48120	1	430
48120	48140	-1	430
48140	48180	1	430
48180	48220	-1	430
48220	48240	1	430
48240	48280	-1	430
48280	48340	1	430
48340	48380	-1	430
48380	48520	1	430
48520	48580	-1	430
48580	48600	1	430
48600	48620	-1	430
48620	48640	1	430
48666	49666	2	430
50000	50060	1	430
50060	50080	-1	430
50080	50120	1	430
50120	50160	-1	430
50160	50200	1	430
50200	50240	-1	430
50240	50300	1	430
50300	50380	-1	430
50380	50400	1	430
50400	50500	-1	430
50500	50520	1	430
50520	50540	-1	430
50540	50640	1	430
50666	51666	2	430
52000	52040	1	430
52040	52060	-1	430
52060	52120	1	430
52120	52200	-1	430
52200	52220	1	430
52220	52260	-1	430
52260	52300	1	430
52300	52460	-1	430
52460	52540	1	430
52540	52560	-1	430
52560	52580	1	430
52580	52600	-1	430
52600	52620	1	430
52620	52640	-1	430
52666	53666	2	430
54000	54120	1	430
54120	54140	-1	430
54140	54160	1	430
54160	54180	-1	430
54180	54260	1	430
54260	54280	-1	430
54280	54340	1	430
54340	54400	-1	430
54400	54460	1	430
54460	54500	-1	430
54500	54560	1	430
54560	54640	-1	430
54666	55666	2	430
56000	56040	1	430
56040	56100	-1	430
56100	56120	1	430
56120	56140	-1	430
56140	56160	1	430
56160	56180	-1	430
56180	56200	1	430
56200	56240	-1	430
56240	56260	1	430
56260	56300	-1	430
56300	56320	1	430
56320	56340	-1	430
56340	56360	1	430
56360	56380	-1	430
56380	56400	1	430
56400	56480	-1	430
56480	56520	1	430
56520	56540	-1	430
56540	56560	1	430
56560	56600	-1	430
56600	56620	1	430
56620	56640	-1	430
56666	57666	2	430
58000	58060	1	430
58060	58100	-1	430
58100	58120	1	430
58120	58220	-1	430
58220	58240	1	430
58240	58260	-1	430
58260	58280	1	430
58280	58320	-1	430
58320	58360	1	430
58360	58380	-1	430
58380	58480	1	430
58480	58500	-1	430
58500	58520	1	430
58520	58560	-1	430
58560	58580	1	430
58580	58640	-1	430
58666	59666	2	430
60000	60040	1	430
60040	60060	-1	430
60060	60080	1	430
60080	60100	-1	430
60100	60120	1	430
60120	60160	-1	430
60160	60280	1	430
60280	60320	-1	430
60320	60360	1	430
60360	60400	-1	430
60400	60460	1	430
60460	60480	-1	430
60480	60600	1	430
60600	60620	-1	430
60620	60640	1	430
60666	61666	2	430
62000	62080	1	430
62080	62100	-1	430
62100	62120	1	430
62120	62140	-1	430
62140	62180	1	430
62180	62200	-1	430
62200	62220	1	430
62220	62300	-1	430
62300	62320	1	430
62320	62340	-1	430
62340	62360	1	430
62360	62460	-1	430
62460	62480	1	430
62480	62500	-1	430
62500	62540	1	430
62540	62580	-1	430
62580	62640	1	430
62666	63666	2	430
64000	64020	1	430
64020	64060	-1	430
64060	64140	1	430
64140	64160	-1	430
64160	64180	1	430
64180	64220	-1	430
64220	64280	1	430
64280	64300	-1	430
64300	64320	1	430
64320	64380	-1	430
64380	64460	1	430
64460	64480	-1	430
64480	64520	1	430
64520	64540	-1	430
64540	64620	1	430
64620	64640	-1	430
64666	65666	2	430
66000	66020	1	430
66020	66040	-1	430
66040	66200	1	430
66200	66320	-1	430
66320	66340	1	430
66340	66380	-1	430
66380	66400	1	430
66400	66460	-1	430
66460	66480	1	430
66480	66500	-1	430
66500	66520	1	430
66520	66580	-1	430
66580	66600	1	430
66600	66640	-1	430
66666	67666	2	430
68000	68020	1	430
68020	68080	-1	430
68080	68160	1	430
68160	68200	-1	430
68200	68220	1	430
68220	68240	-1	430
68240	68260	1	430
68260	68320	-1	430
68320	68340	1	430
68340	68480	-1	430
68480	68560	1	430
68560	68620	-1	430
68620	68640	1	430
68666	69666	2	430
70000	70020	1	430
70020	70040	-1	430
70040	70060	1	430
70060	70080	-1	430
70080	70140	1	430
70140	70180	-1	430
70180	70240	1	430
70240	70260	-1	430
70260	70280	1	430
70280	70300	-1	430
70300	70320	1	430
70320	70400	-1	430
70400	70480	1	430
70480	70500	-1	430
70500	70540	1	430
70540	70560	-1	430
70560	70580	1	430
70580	70600	-1	430
70600	70640	1	430
70666	71666	2	430
72000	72020	1	430
72020	72060	-1	430
72060	72080	1	430
72080	72100	-1	430
72100	72140	1	430
72140	72180	-1	430
72180	72200	1	430
72200	72260	-1	430
72260	72360	1	430
72360	72380	-1	430
72380	72400	1	430
72400	72460	-1	430
72460	72520	1	430
72520	72560	-1	430
72560	72580	1	430
72580	72620	-1	430
72620	72640	1	430
72666	73666	2	430
74000	74020	1	430
74020	74040	-1	430
74040	74080	1	430
74080	74100	-1	430
74100	74160	1	430
74160	74220	-1	430
74220	74260	1	430
74260	74280	-1	430
74280	74300	1	430
74300	74340	-1	430
74340	74360	1	430
74360	74380	-1	430
74380	74460	1	430
74460	74500	-1	430
74500	74520	1	430
74520	74540	-1	430
74540	74560	1	430
74560	74600	-1	430
74600	74640	1	430
74666	75666	2	430
76000	76020	1	430
76020	76100	-1	430
76100	76240	1	430
76240	76280	-1	430
76280	76300	1	430
76300	76340	-1	430
76340	76360	1	430
76360	76400	-1	430
76400	76540	1	430
76540	76580	-1	430
76580	76620	1	430
76620	76640	-1	430
76666	77666	2	430
78000	78020	1	430
78020	78040	-1	430
78040	78060	1	430
78060	78100	-1	430
78100	78140	1	430
78140	78160	-1	430
78160	78180	1	430
78180	78200	-1	430
78200	78220	1	430
78220	78240	-1	430
78240	78360	1	430
78360	78500	-1	430
78500	78600	1	430
78600	78640	-1	430
78666	79666	2	430
80000	80020	1	430
80020	80060	-1	430
80060	80100	1	430
80100	80120	-1	430
80120	80140	1	430
80140	80160	-1	430
80160	80240	1	430
80240	80340	-1	430
80340	80420	1	430
80420	80460	-1	430
80460	80480	1	430
80480	80500	-1	430
80500	80520	1	430
80520	80540	-1	430
80540	80560	1	430
80560	80580	-1	430
80580	80600	1	430
80600	80620	-1	430
80620	80640	1	430
80666	81666	2	430
82000	82020	1	430
82020	82040	-1	430
82040	82100	1	430
82100	82120	-1	430
82120	82180	1	430
82180	82200	-1	430
82200	82220	1	430
82220	82240	-1	430
82240	82280	1	430
82280	82300	-1	430
82300	82400	1	430
82400	82420	-1	430
82420	82460	1	430
82460	82480	-1	430
82480	82520	1	430
82520	82560	-1	430
82560	82640	1	430
82666	83666	2	430
84000	84020	1	430
84020	84080	-1	430
84080	84100	1	430
84100	84120	-1	430
84120	84160	1	430
84160	84180	-1	430
84180	84200	1	430
84200	84260	-1	430
84260	84280	1	430
84280	84300	-1	430
84300	84380	1	430
84380	84420	-1	430
84420	84480	1	430
84480	84500	-1	430
84500	84580	1	430
84580	84600	-1	430
84600	84620	1	430
84620	84640	-1	430
84666	85666	2	430
86000	86020	1	430
86020	86040	-1	430
86040	86060	1	430
86060	86080	-1	430
86080	86100	1	430
86100	86120	-1	430
86120	86140	1	430
86140	86220	-1	430
86220	86260	1	430
86260	86340	-1	430
86340	86380	1	430
86380	86400	-1	430
86400	86420	1	430
86420	86480	-1	430
86480	86540	1	430
86540	86640	-1	430
86666	87666	2	430
88000	88020	1	430
88020	88060	-1	430
88060	88080	1	430
88080	88120	-1	430
88120	88140	1	430
88140	88200	-1	430
88200	88220	1	430
88220	88240	-1	430
88240	88260	1	430
88260	88280	-1	430
88280	88300	1	430
88300	88320	-1	430
88320	88340	1	430
88340	88360	-1	430
88360	88400	1	430
88400	88420	-1	430
88420	88460	1	430
88460	88500	-1	430
88500	88520	1	430
88520	88600	-1	430
88600	88620	1	430
88620	88640	-1	430
88666	89666	2	430
90000	90020	1	430
90020	90040	-1	430
90040	90080	1	430
90080	90120	-1	430
90120	90160	1	430
90160	90180	-1	430
90180	90240	1	430
90240	90260	-1	430
90260	90320	1	430
90320	90360	-1	430
90360	90420	1	430
90420	90460	-1	430
90460	90520	1	430
90520	90540	-1	430
90540	90580	1	430
90580	90640	-1	430
90666	91666	2	430
92000	92020	1	430
92020	92120	-1	430
92120	92180	1	430
92180	92220	-1	430
92220	92320	1	430
92320	92360	-1	430
92360	92380	1	430
92380	92400	-1	430
92400	92420	1	430
92420	92500	-1	430
92500	92540	1	430
92540	92560	-1	430
92560	92600	1	430
92600	92620	-1	430
92620	92640	1	430
92666	93666	2	430
94000	94020	1	430
94020	94040	-1	430
94040	94060	1	430
94060	94120	-1	430
94120	94140	1	430
94140	94160	-1	430
94160	94200	1	430
94200	94280	-1	430
94280	94300	1	430
94300	94320	-1	430
94320	94340	1	430
94340	94360	-1	430
94360	94380	1	430
94380	94420	-1	430
94420	94560	1	430
94560	94580	-1	430
94580	94640	1	430
94666	95666	2	430
96000	96020	1	430
96020	96060	-1	430
96060	96120	1	430
96120	96160	-1	430
96160	96180	1	430
96180	96200	-1	430
96200	96220	1	430
96220	96240	-1	430
96240	96260	1	430
96260	96280	-1	430
96280	96340	1	430
96340	96360	-1	430
96360	96380	1	430
96380	96400	-1	430
96400	96440	1	430
96440	96460	-1	430
96460	96480	1	430
96480	96540	-1	430
96540	96580	1	430
96580	96600	-1	430
96600	96640	1	430
96666	97666	2	430
98000	98020	1	430
98020	98040	-1	430
98040	98120	1	430
98120	98140	-1	430
98140	98240	1	430
98240	98260	-1	430
98260	98300	1	430
98300	98360	-1	430
98360	98380	1	430
98380	98440	-1	430
98440	98460	1	430
98460	98480	-1	430
98480	98500	1	430
98500	98620	-1	430
98620	98640	1	430
98666	99666	2	430
100000	100020	1	430
100020	100080	-1	430
100080	100120	1	430
100120	100140	-1	430
100140	100160	1	430
100160	100220	-1	430
100220	100300	1	430
100300	100360	-1	430
100360	100400	1	430
100400	100440	-1	430
100440	100480	1	430
100480	100520	-1	430
100520	100560	1	430
100560	100580	-1	430
100580	100600	1	430
100600	100640	-1	430
100666	101666	2	430
102000	102020	1	430
102020	102040	-1	430
102040	102060	1	430
102060	102080	-1	430
102080	102120	1	430
102120	102180	-1	430
102180	102200	1	430
102200	102280	-1	430
102280	102340	1	430
102340	102360	-1	430
102360	102440	1	430
102440	102480	-1	430
102480	102500	1	430
102500	102520	-1	430
102520	102540	1	430
102540	102560	-1	430
102560	102620	1	430
102620	102640	-1	430
102666	103666	2	430
104000	104020	1	430
104020	104060	-1	430
104060	104080	1	430
104080	104100	-1	430
104100	104120	1	430
104120	104180	-1	430
104180	104240	1	430
104240	104300	-1	430
104300	104320	1	430
104320	104340	-1	430
104340	104380	1	430
104380	104440	-1	430
104440	104460	1	430
104460	104560	-1	430
104560	104600	1	430
104600	104640	-1	430
104666	105666	2	430
106000	106020	1	430
106020	106040	-1	430
106040	106080	1	430
106080	106100	-1	430
106100	106120	1	430
106120	106140	-1	430
106140	106160	1	430
106160	106200	-1	430
106200	106220	1	430
106220	106240	-1	430
106240	106280	1	430
106280	106320	-1	430
106320	106380	1	430
106380	106400	-1	430
106400	106440	1	430
106440	106460	-1	430
106460	106500	1	430
106500	106540	-1	430
106540	106560	1	430
106560	106580	-1	430
106580	106620	1	430
106620	106640	-1	430
106666	107666	2	430
108000	108020	1	430
108020	108100	-1	430
108100	108120	1	430
108120	108140	-1	430
108140	108200	1	430
108200	108260	-1	430
108260	108280	1	430
108280	108320	-1	430
108320	108440	1	430
108440	108520	-1	430
108520	108540	1	430
108540	108600	-1	430
108600	108640	1	430
108666	109666	2	430
110000	110020	1	430
110020	110040	-1	430
110040	110060	1	430
110060	110100	-1	430
110100	110120	1	430
110120	110160	-1	430
110160	110180	1	430
110180	110220	-1	430
110220	110260	1	430
110260	110300	-1	430
110300	110320	1	430
110320	110340	-1	430
110340	110400	1	430
110400	110440	-1	430
110440	110500	1	430
110500	110520	-1	430
110520	110580	1	430
110580	110620	-1	430
110620	110640	1	430
110666	111666	2	430
112000	112020	1	430
112020	112060	-1	430
112060	112100	1	430
112100	112160	-1	430
112160	112200	1	430
112200	112260	-1	430
112260	112300	1	430
112300	112320	-1	430
112320	112360	1	430
112360	112400	-1	430
112400	112420	1	430
112420	112440	-1	430
112440	112460	1	430
112460	112480	-1	430
112480	112500	1	430
112500	112540	-1	430
112540	112560	1	430
112560	112640	-1	430
112666	113666	2	430
114000	114020	1	430
114020	114040	-1	430
114040	114100	1	430
114100	114140	-1	430
114140	114180	1	430
114180	114220	-1	430
114220	114260	1	430
114260	114280	-1	430
114280	114320	1	430
114320	114340	-1	430
114340	114360	1	430
114360	114420	-1	430
114420	114440	1	430
114440	114460	-1	430
114460	114480	1	430
114480	114560	-1	430
114560	114580	1	430
114580	114600	-1	430
114600	114620	1	430
114620	114640	-1	430
114666	115666	2	430
116000	116020	1	430
116020	116080	-1	430
116080	116100	1	430
116100	116140	-1	430
116140	116160	1	430
116160	116180	-1	430
116180	116240	1	430
116240	116280	-1	430
116280	116320	1	430
116320	116340	-1	430
116340	116360	1	430
116360	116380	-1	430
116380	116400	1	430
116400	116420	-1	430
116420	116440	1	430
116440	116480	-1	430
116480	116500	1	430
116500	116520	-1	430
116520	116640	1	430
116666	117666	2	430
118000	118020	1	430
118020	118040	-1	430
118040	118060	1	430
118060	118080	-1	430
118080	118100	1	430
118100	118200	-1	430
118200	118220	1	430
118220	118240	-1	430
118240	118300	1	430
118300	118320	-1	430
118320	118360	1	430
118360	118380	-1	430
118380	118420	1	430
118420	118440	-1	430
118440	118480	1	430
118480	118520	-1	430
118520	118540	1	430
118540	118580	-1	430
118580	118600	1	430
118600	118620	-1	430
118620	118640	1	430
118666	119666	2	430
120000	120020	1	430
120020	120060	-1	430
120060	120080	1	430
120080	120220	-1	430
120220	120280	1	430
120280	120420	-1	430
120420	120440	1	430
120440	120460	-1	430
120460	120500	1	430
120500	120580	-1	430
120580	120640	1	430
120666	121666	2	430
122000	122020	1	430
122020	122040	-1	430
122040	122080	1	430
122080	122140	-1	430
122140	122160	1	430
122160	122180	-1	430
122180	122200	1	430
122200	122300	-1	430
122300	122340	1	430
122340	122400	-1	430
122400	122420	1	430
122420	122440	-1	430
122440	122460	1	430
122460	122540	-1	430
122540	122600	1	430
122600	122620	-1	430
122620	122640	1	430
122666	123666	2	430
124000	124020	1	430
124020	124140	-1	430
124140	124180	1	430
124180	124200	-1	430
124200	124220	1	430
124220	124240	-1	430
124240	124260	1	430
124260	124300	-1	430
124300	124340	1	430
124340	124380	-1	430
124380	124420	1	430
124420	124440	-1	430
124440	124500	1	430
124500	124520	-1	430
124520	124540	1	430
124540	124560	-1	430
124560	124580	1	430
124580	124640	-1	430
124666	125666	2	430
126000	126020	1	430
126020	126040	-1	430
126040	126060	1	430
126060	126160	-1	430
126160	126240	1	430
126240	126260	-1	430
126260	126280	1	430
126280	126380	-1	430
126380	126400	1	430
126400	126420	-1	430
126420	126440	1	430
126440	126520	-1	430
126520	126560	1	430
126560	126600	-1	430
126600	126620	1	430
126620	126640	-1	430
126666	127666	2	430
