% The scale parameters
p_T0=2000;
%p_N0=1e11;
p_m0=[16 1];
%p_om=2*sinh(-3:0.05:3.001)';
p_R0=5000;
