24
64
338
0
32
32
650
16
2
1
0
14
14
14
14
1
20
31
0
200
0
1
0
0
1
-1
1
1
1
-1
1
-1
-1
-1
-1
-1
1
1
1
-1
1
1
1
1
1
-1
1
1
1
-1
-1
-1
-1
1
1
1
1
-1
-1
1
1
-1
-1
1
1
1
-1
1
1
-1
-1
-1
1
1
-1
1
1
-1
-1
-1
-1
1
-1
1
-1
-1
-1
1
1
-1
1
-1
1
-1
-1
-1
1
1
1
1
-1
1
1
1
1
1
1
-1
1
-1
-1
1
-1
1
1
1
1
1
1
-1
1
-1
-1
-1
1
-1
1
1
-1
-1
1
-1
-1
-1
-1
1
1
1
-1
-1
1
-1
1
-1
1
-1
1
-1
1
-1
-1
-1
1
-1
1
1
-1
-1
-1
-1
-1
1
1
-1
-1
-1
-1
-1
1
1
1
1
-1
-1
-1
1
1
1
1
-1
1
-1
-1
1
1
-1
-1
1
-1
-1
1
1
1
-1
1
1
-1
1
1
-1
1
1
-1
1
-1
-1
1
-1
-1
-1
1
1
1
1
1
1
1
-1
1
-1
-1
-1
1
-1
1
-1
-1
1
1
-1
-1
1
1
1
1
-1
-1
-1
1
1
-1
-1
-1
1
-1
-1
-1
-1
1
-1
-1
-1
-1
-1
-1
1
-1
1
-1
-1
1
1
1
1
1
1
-1
-1
-1
-1
-1
-1
1
1
-1
-1
-1
1
1
-1
1
-1
1
1
1
1
-1
-1
-1
-1
1
-1
1
-1
1
1
1
1
1
1
1
1
-1
1
1
-1
1
-1
-1
-1
1
-1
1
-1
-1
1
1
1
1
1
1
1
1
1
1
1
-1
1
1
1
-1
1
1
1
1
-1
-1
1
1
1
-1
1
-1
-1
1
-1
1
-1
1
1
1
-1
1
1
-1
1
-1
-1
1
-1
1
1
1
-1
1
1
1
1
-1
1
-1
1
1
-1
1
1
1
-1
-1
-1
1
1
-1
1
-1
-1
-1
-1
-1
1
-1
-1
1
1
-1
-1
1
1
-1
-1
1
-1
-1
-1
1
1
-1
1
1
-1
1
1
-1
1
1
-1
-1
1
-1
-1
-1
1
-1
1
1
1
1
1
-1
1
1
1
1
1
-1
-1
1
1
-1
-1
1
-1
-1
1
-1
1
-1
1
1
-1
-1
1
-1
-1
1
1
1
1
-1
1
-1
1
-1
-1
-1
-1
-1
1
1
-1
1
-1
1
-1
1
-1
-1
1
-1
-1
1
-1
1
1
1
1
-1
-1
1
1
1
-1
-1
1
-1
1
-1
-1
1
1
-1
1
-1
1
1
-1
-1
-1
-1
1
1
1
-1
1
1
-1
1
-1
1
-1
1
1
-1
-1
-1
1
1
-1
1
1
1
-1
-1
-1
1
1
