24
64
324
0
32
32
650
16
2
1
0
14
0
14
14
1
20
0
0
0
-20800
0
0
0
1
1
-1
-1
-1
1
1
-1
1
1
1
-1
-1
-1
1
1
1
-1
1
1
1
-1
1
-1
-1
-1
-1
-1
1
1
1
-1
1
1
1
1
1
-1
1
1
1
-1
-1
-1
-1
1
1
1
1
-1
-1
1
1
-1
-1
1
1
1
-1
1
1
-1
-1
-1
1
1
-1
1
1
-1
-1
-1
-1
1
-1
1
-1
-1
-1
1
1
-1
1
-1
1
-1
-1
-1
1
1
1
1
-1
1
1
1
1
1
1
-1
1
-1
-1
1
-1
1
1
1
1
1
1
-1
1
-1
-1
-1
1
-1
1
1
-1
-1
1
-1
-1
-1
-1
1
1
1
-1
-1
1
-1
1
-1
1
-1
1
-1
1
-1
-1
-1
1
-1
1
1
-1
-1
-1
-1
-1
1
1
-1
-1
-1
-1
-1
1
1
1
1
-1
-1
-1
1
1
1
1
-1
1
-1
-1
1
1
-1
-1
1
-1
-1
1
1
1
-1
1
1
-1
1
1
-1
1
1
-1
1
-1
-1
1
-1
-1
-1
1
1
1
1
1
1
1
-1
1
-1
-1
-1
1
-1
1
-1
-1
1
1
-1
-1
1
1
1
1
-1
-1
-1
1
1
-1
-1
-1
1
-1
-1
-1
-1
1
-1
-1
-1
-1
-1
-1
1
-1
1
-1
-1
1
1
1
1
1
1
-1
-1
-1
-1
-1
-1
1
1
-1
-1
-1
1
1
-1
1
-1
1
1
1
1
-1
-1
-1
-1
1
-1
1
-1
1
1
1
1
1
1
1
1
-1
1
1
-1
1
-1
-1
-1
1
-1
1
-1
-1
1
1
1
1
1
1
1
1
1
1
1
-1
1
1
1
-1
1
1
1
1
-1
-1
1
1
1
-1
1
-1
-1
1
-1
1
-1
1
1
1
-1
1
1
-1
1
-1
-1
1
-1
1
1
1
-1
1
1
1
1
-1
1
-1
1
1
-1
1
1
1
-1
-1
-1
1
1
-1
1
-1
-1
-1
-1
-1
1
-1
-1
1
1
-1
-1
1
1
-1
-1
1
-1
-1
-1
1
1
-1
1
1
-1
1
1
-1
1
1
-1
-1
1
-1
-1
-1
1
-1
1
1
1
1
1
-1
1
1
1
1
1
-1
-1
1
1
-1
-1
1
-1
-1
1
-1
1
-1
1
1
-1
-1
1
-1
-1
1
1
1
1
-1
1
-1
1
-1
-1
-1
-1
-1
1
1
-1
1
-1
1
-1
1
-1
-1
1
-1
-1
1
-1
1
1
1
1
-1
-1
1
1
1
-1
-1
1
-1
1
-1
-1
1
1
-1
1
-1
1
1
-1
-1
-1
-1
1
1
1
-1
1
1
-1
1
-1
1
-1
