COR_init
nocal=1;
COR_uprog(0,1,1,'s',20,6000/20,0,340,56)
COR_uprog(6000/20,1,1,'b',20,(940-340)/20-12,0,0,56)
COR_end
