vc_ch=1;
vc_t1=0;
vc_t2=2000;
vc_mf=13*20;
