p_dtau=0.125;
