%%    Power profiles  Long pulses

vc_ch=[3 4 5 6 7 8    3 4 5 6 7 8];
vc_t1=[1 1 0 0 2 2    0 0 2 2 1 1]*(p_rep/3);
vc_t2=[3 3 2 2 4 4    1 1 3 3 2 2]*(p_rep/3);
%vc_ch=[3 5 7    3 5 7];
%vc_t1=[1 0 2    0 2 1]*(p_rep/3);
%vc_t2=[3 2 4    1 3 2]*(p_rep/3);
