COR_init
nocal=1;
COR_uprog(0,1,1,'s',1,1000,(0:47)*10,0,73)
COR_uprog(1000*48-47*48/2,1,1,'b',1,1280-1018,(0:47)*10,0,73)
COR_end
