p_T0=2000;
p_m0=[16 1 30.5];
%p_m0=16;
%p_om=2*sinh(-3:0.05:3.001)';
p_R0=5000;
