p_T0=1500;
p_m0=[16 1 30.5];
p_R0=5000;
