p_T0=800;
p_R0=3000;
